((("adtKOD" .
   [1 0 0 0 0 0])
  ("DeliveryErr" .
   [0 0 0 0 0 0 0 0 0 1 0])
  ("DeliveryOk" .
   [0 0 0 1 0 0 0 0 0 0])
  ("const" .
   [1 0 0 0 0])
  ("private" .
   [1 0 0 0 0 0 0])
  ("p" .
   [1])
  ("ptA" .
   [1 0 0])
  ("public" .
   [0 0 0 1 0 0])
  ("struct" .
   [1 0 0 0 0 0])
  ("size_t" .
   [1 0 0 0 0 0])
  ("map" .
   [1 0 0])
  ("endif" .
   [1 0 0 0 0])
  ("s" .
   [4])
  ("apn" .
   [1 0 0])
  ("string" .
   [1 0 0 0 0 0])
  ("item" .
   [2 0 0 0])
  ("dev" .
   [1 0 0])
  ("V" .
   [2])
  ("true" .
   [1 0 0 0])
  ("f" .
   [1])
  ("endl" .
   [1 0 0 0])
  ("cout" .
   [1 0 0 0])
  ("std" .
   [4 0 0])
  ("empty" .
   [1 0 0 0 0])
  ("conf" .
   [2 0 0 0])
  ("i" .
   [4])
  ("N" .
   [1])
  ("if" .
   [7 0])
  ("m_noCheckIface" .
   [0 0 0 0 0 0 0 0 0 0 1 0 0 1])
  ("int" .
   [3 0 0])
  ("NoCheckIface" .
   [2 0 0 0 0 0 0 0 0 0 0 0])
  ("POWERCONTROL_PATH_INI" .
   [1 0 0 0 0 0 0 0 0 0 0 0 0 0 0 0 0 0 0 0 0])
  ("USBCONTROL_PATH_INI" .
   [1 0 0 0 0 0 0 0 0 0 0 0 0 0 0 0 0 0 0])
  ("for" .
   [1 0 0])
  ("then" .
   [1 0 0 0])
  ("fi" .
   [1 0])
  ("else" .
   [4 0 0 0])
  ("echo" .
   [1 0 0 0])
  ("ARCHNAME-keywords" .
   [0 0 0 0 0 0 0 0 0 1 0 0 0 0 0 0 0])
  ("c" .
   [2])
  ("sv" .
   [1 0])
  ("char" .
   [3 0 0 0])
  ("strcpy" .
   [1 0 0 0 0 0])
  ("/tmp/loop1" .
   [2 0 0 0 0 0 0 0 0 0])
  ("/tmp/loop0" .
   [1 0 0 0 0 0 0 0 0 0])
  ("radiochannel" .
   [1 0 0 0 0 0 0 0 0 0 0 0])
  ("cmd_ipc" .
   [1 0 0 0 0 0 0])
  ("while" .
   [2 0 0 0 0])
  ("size" .
   [1 0 0 0])
  ("m" .
   [2])
  ("saddr" .
   [1 0 0 0 0])
  ("a" .
   [1])
  ("e" .
   [1])
  ("return" .
   [1 0 0 0 0 0])
  ("uniq" .
   [0 0 0 1])
  ("unique" .
   [1 0 0 0 0 0])))
